camera_matrix:
- - 1284.2726403541214
  - 0.0
  - 612.5946533658291
- - 0.0
  - 1274.889240081238
  - 771.0070019012396
- - 0.0
  - 0.0
  - 1.0
dist_coeffs:
- - 0.38592301633103127
  - -2.559835069212107
  - 0.0028262131122447514
  - -0.00310024837941496
  - 4.832146832244605
rvecs:
- - -0.05744229271940693
  - -0.46821157339985514
  - -0.6370763126689749
  - -0.6497803731788487
- - 0.08434416683650219
  - -0.5157863321823639
  - -0.44485893048735314
  - 0.4883382141273008
- - 1.5664415863677852
  - -1.5139365027643898
  - -1.2075553480860506
  - 1.3007149233978172
tvecs:
- - 2.1092172851178406
  - -2.6753937246556068
  - -4.248966127687491
  - 1.6795167257307193
- - -2.3107697976710933
  - 3.053960827223236
  - 2.8385892946636506
  - -2.1892627803715214
- - 11.367809780428267
  - 9.979609267537178
  - 12.344764272202896
  - 15.728709382597009
